4643
4643
4676
4676
4657
4657
4641
4641
4460
4460
4463
4463
4647
4669
4669
4631
4631
4452
4452
4527
4527
4661
4661
4408
4408
4522
4522
4487
4487
4382
4382
4551
4551
4537
4492
4492
4643
4502
4502
4330
4330
4472
4377
4377
4670
4670
4677
4677
4618
4618
4544
4544
4513
4513
4266
4266
4779
4674
4674
4674
4740
4740
4584
4584
4716
4716
4773
4773
4706
4706
4383
4383
4358
4358
4523
4523
4484
4484
4200
4326
4326
4617
4617
4708
4708
4596
4596
4458
4458
4587
4587
4738
4738
4641
4641
4587
4587
4619
4619
4525
